image_00000 639 459 686 508
image_00001 640 457 682 511
image_00002 634 455 683 511
image_00003 636 455 687 511
image_00004 638 452 692 514
image_00005 639 450 692 512
image_00006 635 451 691 514
image_00007 635 447 692 513
image_00008 633 448 694 515
image_00009 628 445 694 517
image_00010 631 445 697 516
image_00011 626 444 692 517
image_00012 627 448 694 519
image_00013 625 439 692 518
image_00014 624 408 691 516
image_00015 633 423 707 518
image_00016 631 423 705 518
image_00017 629 423 719 521
image_00018 631 423 717 519
image_00019 624 427 728 521
image_00020 625 423 732 520
image_00021 621 425 731 523
image_00022 623 425 731 523
image_00023 621 425 741 526
image_00024 621 424 729 520
image_00025 622 427 735 523
image_00026 621 427 733 523
image_00027 617 429 727 522
image_00028 620 427 734 525
image_00029 621 431 728 524
image_00030 623 432 733 523
image_00031 666 426 735 528
image_00032 666 427 737 529
image_00033 673 425 728 527
image_00034 673 425 731 527
image_00035 673 408 734 532
image_00036 678 411 734 530
image_00037 671 403 733 527
image_00038 675 404 731 533
image_00039 671 405 753 532
image_00040 668 412 749 532
image_00041 667 412 753 540
image_00042 671 411 752 532
image_00043 670 412 755 534
image_00044 663 414 755 534
image_00045 667 411 752 533
image_00046 661 415 753 531
image_00047 687 415 759 480
image_00048 691 412 757 474
image_00049 693 410 756 472
image_00050 693 409 755 473
image_00051 688 411 756 467
image_00052 696 412 758 471
image_00053 700 416 754 467
image_00054 702 416 754 467
image_00055 694 409 755 465
image_00056 705 417 747 456
image_00057 717 416 750 456
image_00058 716 418 744 451
image_00059 713 415 744 450
image_00060 716 420 744 452
image_00061 713 419 743 450
image_00062 713 418 739 448
image_00063 715 416 742 449
